time,state_1,state_2,state_3,state_4,state_5
0,0,0,3,0,0
60,0,0,3,0,0
120,0,0,3,0,0
180,0,0,3,0,0
240,0,0,0,0,0
300,0,0,0,0,0
360,0,0,0,0,0
420,0,0,0,0,0
480,0,0,0,0,0
540,2,0,0,0,0
600,0,0,3,0,0
660,0,0,3,0,0
720,0,0,2,0,0
780,0,0,0,2,0
840,0,0,2,0,0
900,0,0,2,0,0
960,0,0,2,0,0
1020,0,0,2,0,0
1080,0,0,2,0,0
1140,0,0,2,0,0
1200,0,0,2,0,0
1260,0,0,2,0,0
1320,0,0,2,0,0
1380,0,0,2,0,0
1440,0,0,2,0,0
1500,0,0,2,0,0
1560,0,0,2,0,0
1620,0,0,2,0,0
1680,0,0,2,0,0
1740,0,0,2,0,0
1800,3,0,2,0,0
1860,0,0,2,0,0
1920,0,0,2,0,0
1980,2,0,2,0,0
2040,2,0,2,0,0
2100,2,0,2,0,0
2160,2,0,3,0,0
2220,2,0,2,0,0
2280,0,0,2,0,0
2340,0,0,0,0,0
2400,2,0,0,0,0
2460,2,0,0,0,0
2520,2,0,0,0,0
2580,2,0,3,0,0
2640,2,0,0,0,0
2700,2,0,0,0,0
2760,2,0,0,0,0
2820,2,0,0,0,0
2880,0,0,0,0,0
2940,0,0,0,0,0
3000,2,0,0,0,0
3060,2,0,0,0,0
3120,2,0,3,0,0
3180,3,0,3,0,0
3240,3,0,3,0,0
3300,2,0,3,0,1
3360,2,0,3,0,1
3420,2,0,3,0,1
3480,2,0,3,0,1
3540,2,0,3,0,1
3600,2,0,3,0,1
3660,2,0,3,0,1
3720,2,0,0,0,1
3780,0,0,3,0,1
3840,2,0,3,0,1
3900,3,0,3,0,1
3960,0,0,0,0,2
4020,0,0,2,0,2
4080,3,0,0,2,2
4140,2,0,2,0,2
4200,3,0,0,2,2
4260,3,0,0,0,2
4320,3,0,0,0,2
4380,3,0,3,0,2
4440,3,0,0,0,2
4500,3,0,0,0,2
4560,3,0,0,0,2
4620,3,0,0,0,0
4680,3,0,0,0,0
4740,3,0,2,0,0
4800,0,0,2,0,0
4860,3,0,2,0,0
4920,2,0,2,0,0
4980,0,0,0,0,0
5040,2,0,3,0,0
5100,2,0,3,0,0
5160,2,0,0,3,0
5220,2,0,3,0,0
5280,2,0,3,0,1
5340,2,0,3,0,1
5400,2,0,3,0,1
5460,2,0,3,0,1
5520,2,0,0,0,1
5580,2,0,0,0,1
5640,2,0,0,0,1
5700,2,0,0,0,1
5760,2,0,0,0,1
5820,2,0,0,0,1
5880,2,0,0,0,1
5940,0,2,0,0,1
6000,2,0,0,0,1
6060,0,0,0,0,1
6120,0,2,0,0,1
6180,3,0,2,0,1
6240,3,0,2,0,1
6300,0,0,2,0,2
6360,0,0,2,0,2
6420,2,0,0,0,2
6480,2,0,0,0,0
6540,2,0,0,0,2
6600,0,0,2,0,2
6660,2,0,0,0,2
6720,0,2,2,0,2
6780,0,2,2,0,2
6840,2,0,2,0,2
6900,2,0,3,0,2
6960,0,0,2,0,2
7020,0,0,2,0,2
7080,0,0,0,2,2
7140,0,0,2,0,2
7200,0,0,0,2,2
7260,2,0,0,0,2
7320,0,0,2,0,2
7380,0,0,2,0,2
7440,2,0,0,0,2
7500,0,0,2,0,2
7560,0,0,2,0,2
7620,0,0,2,0,2
7680,0,0,2,0,2
7740,0,0,2,0,2
7800,0,0,2,0,2
7860,2,0,0,0,2
7920,2,0,0,0,0
7980,2,0,0,0,0
8040,2,0,0,0,0
8100,2,0,0,3,0
8160,2,0,0,3,0
8220,2,0,0,3,0
8280,2,0,3,0,0
8340,2,0,3,0,1
8400,2,0,3,0,1
8460,2,0,3,0,1
8520,2,0,3,0,1
8580,2,0,3,0,1
8640,2,0,2,0,1
8700,2,0,3,0,1
8760,0,0,3,0,2
8820,0,0,2,0,2
8880,2,0,0,0,2
8940,2,0,3,0,2
9000,2,0,0,0,2
9060,0,2,2,0,2
9120,2,0,0,0,2
9180,0,0,3,0,2
9240,0,0,0,0,2
9300,0,0,3,0,2
9360,0,0,0,0,2
9420,0,0,3,0,2
9480,0,0,3,0,2
9540,0,0,0,0,2
9600,3,0,0,0,2
9660,0,0,0,0,2
9720,3,0,0,0,2
9780,3,0,0,0,2
9840,3,0,0,0,0
9900,2,0,3,0,0
9960,2,0,0,0,0
10020,2,0,0,0,0
10080,2,0,0,0,1
10140,2,0,0,0,1
10200,2,0,3,0,1
10260,2,0,3,0,1
10320,2,0,3,0,1
10380,2,0,3,0,1
10440,2,0,3,0,1
10500,2,0,3,0,1
10560,2,0,3,0,2
10620,2,0,3,0,2
10680,2,0,3,0,2
10740,2,0,2,0,2
10800,3,0,0,0,2
10860,3,0,3,0,2
10920,0,3,0,0,2
10980,3,0,0,0,2
11040,3,0,0,0,2
11100,2,0,0,3,2
11160,0,0,3,0,2
11220,0,0,3,0,2
11280,2,0,0,0,2
11340,0,0,2,0,2
11400,0,0,2,0,2
11460,2,0,0,0,2
11520,2,0,0,0,2
11580,0,0,0,2,2
11640,0,0,2,0,2
11700,0,0,2,0,2
11760,2,0,0,0,0
11820,3,0,0,3,0
11880,0,0,3,0,0
11940,3,0,0,2,0
12000,2,0,0,2,0
12060,0,3,0,2,0
12120,3,0,2,0,0
12180,2,0,3,0,0
12240,2,0,3,0,0
12300,2,0,3,0,0
12360,2,0,0,0,0
12420,2,0,3,0,0
12480,2,0,3,0,0
12540,2,0,3,0,0
12600,0,0,3,0,0
12660,0,0,0,0,0
12720,0,0,3,0,0
12780,0,0,0,0,0
12840,2,0,0,0,0
12900,2,0,3,0,0
12960,2,0,3,0,0
13020,2,0,3,0,1
13080,2,0,3,0,1
13140,2,0,3,0,1
13200,2,0,3,0,1
13260,2,0,3,0,1
13320,2,0,3,0,1
13380,2,0,3,0,1
13440,2,0,3,0,1
13500,2,0,3,0,1
13560,2,0,3,0,1
13620,2,0,3,0,1
13680,2,0,3,0,1
13740,0,0,3,0,1
13800,2,0,3,0,2
13860,0,0,2,0,2
13920,0,0,2,0,2
13980,0,0,2,0,2
14040,0,0,3,0,2
14100,0,0,0,0,2
14160,0,0,0,3,2
14220,0,0,2,0,2
14280,0,0,0,3,2
14340,0,0,3,0,2
14400,0,0,3,0,2
14460,0,0,3,0,2
14520,3,0,0,0,2
14580,0,0,0,0,2
14640,0,0,3,0,2
14700,0,0,3,0,2
14760,0,0,3,0,2
14820,0,0,3,0,2
14880,0,0,3,0,2
14940,0,0,3,0,2
15000,0,0,3,0,2
15060,2,0,0,0,0
15120,0,0,2,0,0
15180,3,0,2,0,0
15240,0,0,2,0,0
15300,0,0,2,0,0
15360,0,0,2,0,1
15420,0,0,2,0,1
15480,0,0,0,2,1
15540,0,0,0,2,1
15600,0,0,0,2,1
15660,0,0,3,0,1
15720,0,0,2,0,1
15780,0,0,2,0,1
15840,0,0,3,0,1
15900,0,0,3,0,1
15960,0,0,2,0,2
16020,2,0,0,0,2
16080,3,0,0,0,2
16140,2,0,0,0,2
16200,3,0,0,0,2
16260,2,0,0,0,2
16320,2,0,0,0,2
16380,0,2,0,0,2
16440,2,0,0,0,2
16500,0,0,2,0,0
16560,2,0,0,0,0
16620,2,0,0,2,0
16680,2,0,0,0,0
16740,0,2,0,2,0
16800,0,0,2,0,0
16860,3,0,0,2,0
16920,0,0,2,0,0
16980,0,0,2,0,0
17040,0,0,2,0,0
17100,0,0,2,0,1
17160,0,0,2,0,1
17220,3,0,2,0,1
17280,0,0,2,0,1
17340,0,0,2,0,1
17400,0,0,2,0,1
17460,0,0,0,2,1
17520,0,0,2,0,1
17580,0,0,0,2,1
17640,0,0,0,2,1
17700,0,0,0,2,1
17760,0,0,2,0,1
17820,0,0,2,0,1
17880,0,0,2,0,1
17940,0,0,2,0,1
18000,0,0,0,2,1
18060,0,0,2,0,1
18120,0,0,2,0,1
18180,0,0,2,0,1
18240,0,0,2,0,1
18300,0,0,2,0,1
18360,0,0,3,0,1
18420,2,0,3,0,1
18480,0,0,2,0,2
18540,0,0,2,0,2
18600,0,0,2,0,2
18660,0,0,2,0,2
18720,0,0,2,0,2
18780,3,0,0,0,2
18840,3,0,0,0,2
18900,0,3,0,0,2
18960,3,0,0,0,2
19020,0,3,0,0,2
19080,3,0,0,0,2
19140,3,0,2,0,0
19200,3,0,2,0,0
19260,3,0,3,0,0
19320,3,0,3,0,0
19380,3,0,2,0,0
19440,0,0,2,0,0
19500,0,0,0,2,2
19560,3,0,0,2,2
19620,3,0,0,2,2
19680,0,0,2,0,2
19740,0,0,0,2,2
19800,3,0,2,0,0
19860,3,0,0,0,0
19920,3,0,0,0,0
19980,0,0,3,0,0
20040,0,0,0,0,0
20100,0,0,2,0,0
20160,3,0,0,0,0
20220,0,0,0,0,0
20280,0,0,2,0,0
20340,0,0,2,0,0
20400,0,0,2,0,1
20460,0,0,2,0,1
20520,0,0,2,0,1
20580,0,0,2,0,1
20640,0,0,2,0,0
20700,0,0,2,0,0
20760,0,0,2,0,1
20820,0,0,0,2,1
20880,0,0,2,0,1
20940,0,0,2,0,1
21000,3,0,0,0,1
21060,0,0,0,2,1
21120,0,0,2,0,2
21180,2,0,0,0,2
21240,0,2,0,0,2
21300,2,0,0,0,2
21360,2,0,2,0,2
21420,2,0,0,0,2
21480,2,0,0,0,2
21540,2,0,0,0,2
21600,2,0,0,0,2
21660,2,0,0,0,2
21720,2,0,0,0,2
21780,2,0,0,0,2
21840,0,2,0,0,2
21900,2,0,0,0,2
21960,2,0,0,0,0
22020,0,0,3,0,0
22080,0,0,2,0,0
22140,0,0,2,0,0
22200,0,0,2,0,0
22260,0,0,2,0,1
22320,0,0,2,0,1
22380,0,0,2,0,1
22440,0,0,2,0,1
22500,0,0,2,0,1
22560,0,0,3,0,1
22620,0,3,0,0,1
22680,0,0,3,0,1
22740,0,0,2,0,2
22800,2,0,0,0,2
22860,0,2,0,0,2
22920,2,0,0,0,2
22980,0,2,0,2,2
23040,2,0,0,0,2
23100,2,0,0,0,2
23160,0,3,0,0,2
23220,3,0,0,0,2
23280,2,0,0,0,0
23340,0,0,2,0,0
23400,0,0,2,0,1
23460,0,0,2,0,1
23520,0,0,2,0,1
23580,0,0,2,0,1
23640,0,0,3,0,1
23700,0,0,2,0,1
23760,0,0,2,0,0
23820,0,0,2,0,0
23880,0,0,2,0,0
23940,0,0,2,0,0
24000,0,0,2,0,0
24060,0,0,2,0,1
24120,0,0,2,0,1
24180,0,0,2,0,1
24240,0,0,3,0,1
24300,0,0,3,0,1
24360,0,0,3,0,1
24420,0,0,2,0,2
24480,2,0,0,0,2
24540,2,0,0,0,2
24600,0,3,0,2,2
24660,2,0,0,0,2
24720,2,0,0,0,2
24780,0,2,0,0,2
24840,2,0,0,0,2
24900,3,0,0,0,2
24960,0,3,0,0,2
25020,2,0,0,0,0
25080,3,0,2,0,0
25140,0,0,2,0,0
25200,0,0,2,0,0
25260,0,0,2,0,0
25320,0,0,2,0,1
25380,0,0,2,0,1
25440,0,0,2,0,1
25500,0,0,2,0,1
25560,0,0,3,0,1
25620,0,0,0,0,2
25680,2,0,0,0,2
25740,3,0,0,0,2
25800,2,0,0,0,2
25860,2,0,0,0,2
25920,2,0,0,2,2
25980,0,2,0,0,2
26040,3,0,0,0,2
26100,0,3,0,0,2
26160,3,0,0,0,2
26220,0,0,2,0,0
26280,0,0,2,0,0
26340,0,3,2,0,0
26400,0,0,2,0,0
26460,3,0,0,2,0
26520,2,0,0,0,0
26580,2,0,0,0,0
26640,2,0,3,0,1
26700,2,0,3,0,1
26760,2,0,0,0,1
26820,2,0,0,0,1
26880,2,0,0,0,1
26940,2,0,0,0,1
27000,2,0,0,0,1
27060,2,0,0,0,1
27120,3,0,0,0,1
27180,3,0,0,0,1
27240,3,0,0,0,1
27300,0,3,0,0,1
27360,2,0,0,0,1
27420,2,0,0,0,1
27480,0,2,0,0,1
27540,3,0,0,0,1
27600,0,0,0,0,1
27660,2,0,0,0,2
27720,2,0,0,0,2
27780,0,0,0,2,2
27840,2,0,3,0,2
27900,0,3,2,0,2
27960,3,0,2,0,2
28020,0,0,0,0,2
28080,0,0,3,0,2
28140,2,0,3,0,2
28200,0,0,0,3,2
28260,3,0,3,0,2
28320,0,2,3,0,2
28380,3,0,0,3,2
28440,0,0,0,3,2
28500,0,3,0,0,2
28560,3,0,3,0,2
28620,3,0,3,0,2
28680,0,3,3,0,2
28740,0,0,3,0,2
28800,3,0,3,0,2
28860,0,0,3,0,0
28920,3,0,0,0,0
28980,3,0,0,0,0
29040,3,0,0,0,0
29100,0,0,0,0,0
29160,0,0,0,0,0
29220,0,0,0,0,0
29280,0,0,0,0,0
29340,0,0,0,3,0
29400,0,0,0,0,0
29460,3,0,0,0,0
29520,3,0,0,0,0
29580,3,0,0,0,0
29640,3,0,0,0,0
29700,3,0,0,0,0
29760,3,0,0,0,0
29820,0,0,3,0,0
29880,0,0,0,3,0
29940,0,0,3,0,0
30000,0,0,3,0,0
30060,0,0,3,0,0
30120,0,0,3,0,0
30180,0,0,3,0,0
30240,0,0,3,0,0
30300,0,0,3,0,0
30360,3,0,0,0,0
30420,3,0,0,0,0
30480,3,0,0,0,0
30540,3,0,0,0,0
30600,3,0,0,0,0
30660,3,0,0,0,0
30720,3,0,0,0,0
30780,3,0,0,0,0
30840,3,0,0,0,0
30900,3,0,0,0,0
30960,3,0,0,0,0
31020,3,0,0,0,0
31080,3,0,0,0,0
31140,0,0,0,0,0
31200,3,0,0,0,0
31260,0,0,0,3,0
31320,3,0,3,0,0
31380,3,0,3,0,0
31440,3,0,3,0,0
31500,3,0,0,0,0
31560,3,0,2,0,0
31620,2,0,2,0,0
31680,0,2,2,0,0
31740,2,0,0,0,0
31800,2,0,3,0,0
31860,2,0,0,0,0
31920,2,0,0,0,0
31980,2,0,0,0,0
32040,2,0,0,3,0
32100,2,0,3,0,0
32160,2,0,0,0,0
32220,2,0,3,0,0
32280,0,2,3,0,0
32340,2,0,3,0,0
32400,0,2,3,0,0
32460,0,2,3,0,0
32520,2,0,0,3,0
32580,2,0,0,3,0
32640,2,0,0,3,0
32700,2,0,0,3,0
32760,2,0,0,3,0
32820,2,0,0,3,0
32880,2,0,0,3,0
32940,2,0,0,3,0
33000,2,0,0,3,0
33060,0,0,2,0,0
33120,0,2,3,0,0
33180,2,0,0,0,0
33240,2,0,0,0,0
33300,2,0,0,0,0
33360,2,0,0,0,0
33420,2,0,3,0,0
33480,2,0,0,0,0
33540,2,0,0,0,0
33600,0,0,3,0,0
33660,0,0,3,0,0
33720,0,0,3,0,0
