time,state_1,state_2,state_3,state_4,state_5
0,0,0,0,0,0
60,0,0,0,0,0
120,0,0,0,0,0
180,0,0,0,0,0
240,0,0,0,0,0
300,0,0,0,0,0
360,0,0,0,0,0
420,0,0,0,0,0
480,0,0,0,3,0
540,0,0,0,3,0
600,0,0,0,3,0
660,0,0,0,3,0
720,0,0,0,3,0
780,0,0,3,0,0
840,0,0,3,0,0
900,2,0,3,0,0
960,2,0,0,0,0
1020,2,0,3,0,0
1080,2,0,3,0,0
1140,2,0,3,0,0
1200,2,0,3,0,0
1260,2,0,3,0,0
1320,2,0,3,0,0
1380,2,0,3,0,0
1440,2,0,3,0,0
1500,2,0,0,0,0
1560,2,0,0,0,0
1620,2,0,2,0,0
1680,0,0,0,0,0
1740,0,0,0,0,0
1800,0,0,0,0,0
1860,0,0,0,0,0
1920,0,0,0,0,0
1980,0,0,0,0,0
2040,0,0,0,0,0
2100,0,0,0,0,0
2160,0,0,0,0,0
2220,0,0,0,0,0
2280,0,0,0,0,0
2340,0,0,0,0,0
2400,0,0,0,0,0
2460,0,0,0,0,0
2520,0,0,0,0,0
2580,0,0,0,0,0
2640,0,0,0,0,0
2700,0,0,0,0,0
2760,3,0,2,0,0
2820,3,0,2,0,0
2880,3,0,2,0,0
2940,3,0,3,0,0
3000,0,0,3,0,0
3060,2,0,2,0,0
3120,2,0,0,0,0
3180,2,0,2,0,0
3240,2,0,2,0,0
3300,3,0,2,0,0
3360,3,0,2,0,0
3420,3,0,2,0,0
3480,0,0,2,0,0
3540,3,0,2,0,0
3600,0,0,0,0,0
3660,0,0,2,0,0
3720,0,0,2,0,0
3780,0,0,2,0,0
3840,0,0,2,0,0
3900,0,0,2,0,1
3960,0,0,2,0,1
4020,0,0,2,0,1
4080,0,0,2,0,1
4140,0,0,2,0,1
4200,0,0,2,0,1
4260,0,0,2,0,1
4320,0,0,2,0,1
4380,0,0,0,0,1
4440,0,0,2,0,1
4500,0,0,2,0,1
4560,0,0,0,0,1
4620,0,0,2,0,2
4680,0,0,2,0,2
4740,0,0,2,0,2
4800,0,0,2,0,2
4860,0,2,0,0,2
4920,0,0,2,0,2
4980,0,2,3,0,2
5040,0,0,0,0,2
5100,0,0,3,0,2
5160,0,3,3,0,2
5220,3,0,3,0,2
5280,0,0,3,0,2
5340,0,0,3,0,0
5400,0,0,0,0,0
5460,3,0,3,0,0
5520,3,0,3,0,0
5580,3,0,3,0,0
5640,3,0,3,0,0
5700,3,0,3,0,0
5760,3,0,0,3,0
5820,0,0,3,0,0
5880,3,0,0,0,0
5940,3,0,0,0,0
6000,3,0,0,0,0
6060,0,0,3,0,0
6120,0,0,2,0,0
6180,3,0,3,0,0
6240,0,3,3,0,0
6300,3,0,0,0,0
6360,3,0,0,0,0
6420,3,0,3,0,0
6480,3,0,3,0,0
6540,3,0,3,0,0
6600,3,0,3,0,0
6660,3,0,3,0,0
6720,3,0,0,3,0
6780,0,0,0,3,0
6840,3,0,3,0,0
6900,3,0,3,0,0
6960,0,3,3,0,0
7020,3,0,3,0,0
7080,3,0,3,0,0
7140,0,0,0,0,0
7200,3,0,0,0,0
7260,3,0,3,0,0
7320,0,0,2,0,0
7380,0,0,2,0,0
7440,0,0,2,0,0
7500,3,0,2,0,0
7560,3,0,2,0,0
7620,0,3,0,3,0
7680,3,0,0,0,0
7740,3,0,0,0,0
7800,2,0,3,0,0
7860,2,0,3,0,1
7920,3,0,3,0,1
7980,3,0,0,0,1
8040,0,2,0,0,1
8100,3,0,0,0,1
8160,2,0,3,0,1
8220,2,0,0,0,1
8280,3,0,0,0,1
8340,2,0,0,0,1
8400,2,0,0,0,2
8460,3,0,2,0,2
8520,3,0,2,0,2
8580,0,0,0,0,2
8640,0,3,0,0,2
8700,3,0,0,0,2
8760,3,0,0,0,2
8820,0,0,0,0,0
8880,3,0,2,0,0
8940,0,3,2,0,0
9000,2,0,2,0,0
9060,2,0,2,0,0
9120,0,0,2,0,0
9180,0,0,2,0,0
9240,3,0,2,0,0
9300,3,0,2,0,0
9360,0,0,2,0,0
9420,0,0,2,0,0
9480,0,0,2,0,1
9540,0,0,2,0,1
9600,0,0,2,0,1
9660,0,0,2,0,1
9720,2,0,2,0,1
9780,2,0,0,0,2
9840,2,0,0,2,2
9900,2,0,0,0,2
9960,3,0,2,0,2
10020,2,0,0,0,2
10080,3,0,0,0,2
10140,3,0,0,0,0
10200,0,0,0,2,0
10260,0,0,2,0,0
10320,0,0,2,0,1
10380,0,0,2,0,1
10440,0,0,2,0,1
10500,0,0,2,0,1
10560,0,0,2,0,1
10620,0,0,2,0,1
10680,0,0,2,0,1
10740,0,0,2,0,1
10800,0,0,2,0,1
10860,0,0,2,0,1
10920,0,0,2,0,1
10980,0,0,3,0,1
11040,2,0,0,0,1
11100,0,0,0,0,1
11160,3,0,3,0,1
11220,3,0,2,0,1
11280,3,0,3,0,1
11340,3,0,2,0,2
11400,0,2,0,0,2
11460,0,0,2,0,2
11520,0,2,2,0,2
11580,0,0,0,0,2
11640,0,0,3,0,2
11700,0,0,0,0,0
11760,0,0,3,0,0
11820,2,0,3,0,0
11880,2,0,3,0,0
11940,2,0,3,0,0
12000,2,0,3,0,0
12060,2,0,3,0,1
12120,2,0,3,0,1
12180,2,0,3,0,1
12240,2,0,3,0,0
12300,2,0,3,0,1
12360,2,0,3,0,1
12420,2,0,3,0,1
12480,2,0,3,0,1
12540,2,0,3,0,1
12600,2,0,3,0,1
12660,2,0,3,0,1
12720,0,0,3,0,1
12780,2,0,3,0,1
12840,2,0,3,0,1
12900,2,0,3,0,1
12960,0,0,3,0,1
13020,2,0,3,0,2
13080,2,0,0,3,2
13140,2,0,3,0,2
13200,0,0,0,2,2
13260,2,0,0,0,2
13320,2,0,0,0,2
13380,2,0,0,0,2
13440,3,0,2,0,0
13500,3,0,2,0,0
13560,3,0,2,0,1
13620,0,0,2,0,1
13680,2,0,3,0,1
13740,2,0,0,2,1
13800,2,0,3,0,1
13860,0,0,2,0,1
13920,2,0,2,0,1
13980,0,0,2,0,2
14040,0,0,2,0,2
14100,0,2,2,0,2
14160,2,0,0,0,2
14220,0,0,0,2,2
14280,2,0,0,0,2
14340,2,0,0,0,2
14400,3,0,2,0,0
14460,3,0,2,0,0
14520,3,0,2,0,1
14580,3,0,2,0,1
14640,3,0,2,0,1
14700,3,0,3,0,1
14760,3,0,3,0,1
14820,3,0,2,0,1
14880,0,0,2,0,2
14940,2,0,0,2,2
15000,2,0,0,0,2
15060,2,0,0,2,2
15120,0,0,2,0,2
15180,2,0,0,0,2
15240,2,0,0,0,0
15300,3,0,2,0,0
15360,0,0,2,0,0
15420,0,0,2,0,1
15480,2,0,2,0,1
15540,3,0,2,0,1
15600,3,0,0,0,1
15660,3,0,0,0,1
15720,0,0,0,0,2
15780,0,0,2,0,2
15840,0,0,2,0,2
15900,2,0,0,2,2
15960,0,0,2,0,2
16020,3,0,2,0,2
16080,3,0,2,0,0
16140,3,0,2,0,0
16200,3,0,2,0,1
16260,2,0,2,0,1
16320,2,0,3,0,1
16380,3,0,0,0,1
16440,0,0,0,0,1
16500,0,0,2,0,1
16560,0,0,2,0,1
16620,0,0,3,0,1
16680,0,0,3,0,1
16740,0,0,2,0,1
16800,0,0,2,0,2
16860,0,0,2,0,2
16920,0,0,0,0,2
16980,2,0,3,0,2
17040,0,0,0,2,2
17100,0,0,0,2,2
17160,0,0,0,2,2
17220,0,0,3,0,2
17280,0,0,2,0,2
17340,0,0,0,2,2
17400,0,0,0,0,0
17460,0,0,2,0,0
17520,0,0,0,0,0
17580,0,0,0,0,0
17640,2,0,0,0,0
17700,2,0,0,0,0
17760,2,0,0,0,0
17820,2,0,0,0,0
17880,2,0,0,3,0
17940,2,0,0,0,0
18000,2,0,0,0,0
18060,2,0,0,0,0
18120,2,0,0,0,0
18180,2,0,0,0,0
18240,2,0,0,0,0
18300,2,0,0,0,0
18360,2,0,0,2,0
18420,0,0,2,0,0
18480,2,0,2,0,0
18540,2,0,2,0,0
18600,2,0,0,0,0
18660,0,0,2,0,0
18720,2,0,2,0,0
18780,2,0,0,0,0
18840,2,0,0,0,0
18900,2,0,0,0,0
18960,2,0,0,0,0
19020,2,0,0,0,0
19080,2,0,0,0,0
19140,2,0,0,0,0
19200,0,0,3,0,0
19260,0,0,0,0,0
19320,0,0,0,0,0
19380,0,0,0,0,0
19440,0,0,0,0,0
19500,0,0,0,0,0
19560,0,0,0,0,0
19620,0,0,0,0,0
19680,0,0,0,0,0
19740,0,0,0,0,0
19800,0,0,0,0,0
19860,0,0,3,0,0
19920,0,0,3,0,0
19980,0,0,3,0,0
20040,0,0,3,0,0
20100,0,0,3,0,0
20160,0,0,3,0,0
20220,0,0,3,0,0
20280,0,0,0,0,0
20340,0,0,3,0,0
20400,0,0,0,0,0
20460,0,0,3,0,0
20520,0,0,0,0,0
20580,0,0,0,0,0
20640,2,0,0,0,0
20700,0,2,0,2,0
20760,0,0,2,0,0
20820,0,0,2,0,0
20880,2,0,2,0,0
20940,2,0,2,0,0
21000,0,0,2,0,0
21060,0,0,2,0,0
21120,0,0,2,0,0
21180,0,0,2,0,0
21240,0,0,0,2,0
21300,0,0,2,0,0
21360,0,0,0,2,0
21420,0,0,2,0,0
21480,0,0,0,2,0
21540,0,0,2,0,0
21600,0,0,2,0,0
21660,0,0,2,0,0
21720,0,0,0,2,0
21780,0,0,0,2,0
21840,0,0,2,0,0
21900,0,0,2,0,0
21960,0,0,0,2,0
22020,0,0,2,0,0
22080,0,0,0,2,1
22140,0,0,0,2,1
22200,0,0,2,0,1
22260,2,0,2,0,1
22320,0,0,2,0,1
22380,0,0,3,0,1
22440,0,3,0,0,1
22500,0,0,0,2,2
22560,0,0,2,0,2
22620,3,0,0,0,2
22680,3,0,0,0,2
22740,3,0,3,0,2
22800,3,0,3,0,2
22860,3,0,0,0,2
22920,3,0,3,0,2
22980,0,0,0,0,2
23040,3,0,3,0,2
23100,3,0,3,0,2
23160,0,0,3,0,2
23220,3,0,0,0,2
23280,3,0,3,0,0
23340,3,0,3,0,0
23400,3,0,3,0,0
23460,3,0,3,0,0
23520,0,3,3,0,0
23580,0,3,0,3,0
23640,0,3,3,0,0
23700,0,0,3,0,0
23760,0,0,3,0,0
23820,3,0,3,0,0
23880,3,0,0,0,0
23940,0,0,0,3,0
24000,0,3,0,0,0
24060,3,0,0,0,0
24120,0,0,3,0,0
24180,0,0,3,0,0
24240,0,0,3,0,0
24300,0,0,3,0,0
24360,3,0,3,0,0
24420,3,0,3,0,0
24480,3,0,3,0,0
24540,3,0,3,0,0
24600,0,0,3,0,0
24660,0,0,3,0,0
24720,0,0,3,0,0
24780,3,0,3,0,0
24840,0,0,3,0,0
24900,0,3,3,0,0
24960,3,0,0,0,0
25020,3,0,3,0,0
25080,0,2,3,0,0
25140,0,2,3,0,0
25200,2,0,0,0,0
25260,2,0,2,0,0
25320,0,0,2,0,0
25380,0,0,2,0,0
25440,0,0,2,0,0
25500,0,0,2,0,0
25560,3,0,2,0,0
25620,3,0,2,0,0
25680,3,0,2,0,0
25740,3,0,2,0,1
25800,3,0,2,0,1
25860,3,0,2,0,1
25920,3,0,2,0,1
25980,3,0,3,0,1
26040,3,0,2,0,1
26100,3,0,3,0,2
26160,2,0,0,0,2
26220,0,0,2,0,2
26280,0,2,0,2,2
26340,2,0,2,0,2
26400,0,0,3,0,2
26460,0,0,3,0,2
26520,0,0,3,0,2
26580,0,0,3,0,2
26640,0,0,2,0,0
26700,0,2,0,0,0
26760,2,0,2,0,0
26820,2,0,0,0,0
26880,2,0,0,0,0
26940,3,0,2,0,0
27000,3,0,2,0,1
27060,3,0,2,0,1
27120,3,0,2,0,1
27180,3,0,2,0,1
27240,3,0,2,0,1
27300,0,3,2,0,1
27360,0,3,2,0,1
27420,3,0,3,0,1
27480,0,3,2,0,2
27540,2,0,0,0,2
27600,3,0,2,0,2
27660,2,0,2,0,2
27720,0,2,0,2,2
27780,0,3,2,0,2
27840,0,2,0,0,2
27900,3,0,0,0,2
27960,0,3,0,0,2
28020,2,0,0,0,0
28080,0,0,0,0,0
28140,0,0,2,0,0
28200,0,0,2,0,0
28260,0,0,2,0,1
28320,0,0,2,0,1
28380,0,0,2,0,1
28440,0,0,2,0,1
28500,0,0,2,0,1
28560,0,0,2,0,1
28620,0,0,3,0,1
28680,0,0,2,0,1
28740,0,0,2,0,1
28800,0,0,2,0,1
28860,0,0,2,0,1
28920,0,0,3,0,1
28980,0,0,2,0,1
29040,0,0,3,0,1
29100,0,0,2,0,2
29160,0,0,2,0,2
29220,2,0,2,0,2
29280,0,2,0,0,2
29340,2,0,2,0,2
29400,3,0,2,0,2
29460,2,0,2,0,2
29520,2,0,0,0,2
29580,3,0,2,0,2
29640,0,3,0,0,2
29700,0,0,0,0,2
29760,3,0,0,0,2
29820,2,0,0,0,0
29880,3,0,2,0,0
29940,3,0,2,0,0
30000,3,0,2,0,1
30060,3,0,2,0,1
30120,3,0,2,0,1
30180,3,0,2,0,1
30240,3,0,3,0,1
30300,3,0,2,0,2
30360,2,0,0,0,2
30420,0,0,2,0,2
30480,2,0,2,0,2
30540,2,0,3,0,2
30600,0,0,2,0,2
30660,3,0,0,0,2
30720,0,0,2,0,0
30780,0,0,2,0,0
30840,0,0,2,0,1
30900,0,0,2,0,1
30960,0,0,2,0,1
31020,0,0,0,0,1
31080,0,0,2,0,1
31140,0,0,2,0,1
31200,0,0,0,0,1
31260,0,0,2,0,1
31320,0,0,2,0,1
31380,0,0,2,0,1
31440,0,0,3,0,1
31500,0,0,2,0,1
31560,0,0,0,0,1
31620,0,0,0,0,1
31680,0,0,2,0,2
31740,0,0,2,0,2
31800,0,0,0,2,2
31860,2,0,2,0,2
31920,2,0,3,0,2
31980,0,0,2,0,2
32040,3,0,2,0,2
32100,2,0,0,0,2
32160,0,0,2,0,0
32220,3,0,2,0,0
32280,3,0,2,0,0
32340,3,0,2,0,0
32400,3,0,2,0,1
32460,3,0,2,0,1
32520,3,0,2,0,1
32580,3,0,3,0,1
32640,3,0,2,0,1
32700,3,0,2,0,1
32760,3,0,2,0,1
32820,3,0,2,0,1
32880,3,0,2,0,1
32940,3,0,2,0,1
33000,3,0,0,2,1
33060,3,0,2,0,1
33120,3,0,2,0,0
33180,3,0,2,0,0
33240,3,0,3,0,0
33300,3,0,2,0,0
33360,3,0,2,0,1
33420,3,0,2,0,1
33480,3,0,2,0,1
33540,3,0,2,0,1
33600,3,0,0,0,1
33660,3,0,2,0,1
33720,3,0,2,0,1
33780,3,0,2,0,1
33840,0,0,2,0,2
33900,0,0,2,0,2
33960,2,0,0,2,2
34020,0,2,0,3,2
34080,0,0,2,0,2
34140,2,0,0,2,2
34200,0,0,0,0,2
34260,2,0,3,0,2
34320,2,0,3,0,2
34380,2,0,3,0,0
34440,2,0,3,0,0
34500,2,0,3,0,0
34560,2,0,3,0,1
34620,2,0,3,0,1
34680,2,0,3,0,1
34740,2,0,0,0,1
34800,2,0,0,0,1
34860,2,0,0,0,1
34920,2,0,0,0,1
34980,2,0,0,0,1
35040,2,0,0,0,1
35100,0,0,0,0,1
35160,3,0,0,0,1
35220,2,0,0,0,1
35280,3,0,0,0,1
35340,0,0,0,2,2
35400,3,0,2,0,2
35460,2,0,2,0,2
35520,0,2,0,0,2
35580,2,0,3,0,2
35640,2,0,3,0,0
35700,2,0,3,0,0
35760,2,0,3,0,0
35820,3,0,3,0,0
35880,2,0,3,0,0
35940,2,0,3,0,1
36000,2,0,3,0,1
36060,3,0,3,0,1
36120,0,0,3,0,1
36180,0,0,3,0,1
36240,2,0,0,0,1
36300,2,0,3,0,1
36360,0,0,2,0,1
36420,0,0,2,0,2
36480,2,0,0,0,2
36540,3,0,0,0,2
36600,3,0,0,3,2
36660,3,0,3,0,2
36720,3,0,3,0,2
36780,3,0,0,0,2
36840,3,0,3,0,2
36900,3,0,0,0,2
36960,3,0,0,0,2
37020,3,0,0,0,2
37080,3,0,3,0,2
37140,3,0,3,0,2
37200,3,0,3,0,2
37260,3,0,3,0,2
37320,3,0,3,0,2
37380,3,0,3,0,2
37440,3,0,0,0,2
37500,3,0,0,0,2
37560,0,0,3,0,0
37620,0,0,3,0,0
37680,3,0,0,0,0
37740,0,3,2,0,0
37800,0,0,2,0,0
37860,2,0,2,0,0
37920,2,0,0,0,0
37980,2,0,3,0,0
38040,2,0,3,0,0
38100,2,0,3,0,0
38160,2,0,3,0,1
38220,2,0,3,0,1
38280,2,0,3,0,1
38340,2,0,3,0,1
38400,2,0,3,0,1
38460,2,0,3,0,1
38520,2,0,3,0,1
38580,0,0,3,0,1
38640,0,0,3,0,1
38700,2,0,3,0,1
38760,0,0,3,0,1
38820,2,0,3,0,1
38880,0,0,3,0,1
38940,2,0,3,0,1
39000,2,0,2,0,1
39060,2,0,3,0,1
39120,0,0,2,0,2
39180,2,0,0,0,2
39240,0,0,3,0,2
39300,0,0,3,0,2
39360,0,0,3,0,2
39420,0,0,3,0,0
39480,2,0,0,2,0
39540,0,0,2,0,0
39600,2,0,3,0,0
39660,2,0,3,0,0
39720,2,0,3,0,0
39780,2,0,3,0,1
39840,2,0,3,0,1
39900,0,0,3,0,1
39960,2,0,3,0,1
40020,0,0,3,0,1
40080,2,0,3,0,1
40140,2,0,3,0,1
40200,2,0,3,0,1
40260,2,0,3,0,1
40320,0,2,3,0,1
40380,2,0,3,0,1
40440,0,0,3,0,1
40500,2,0,3,0,2
40560,0,0,2,0,2
40620,0,0,2,0,2
40680,0,0,0,2,2
40740,0,0,2,0,0
40800,2,0,0,0,0
40860,2,0,0,0,0
40920,2,0,0,0,0
40980,2,0,0,0,0
41040,2,0,0,0,0
41100,2,0,0,0,0
41160,2,0,0,0,0
41220,2,0,0,0,0
41280,2,0,0,0,0
41340,0,2,0,0,0
41400,2,0,0,0,0
41460,2,0,0,0,0
41520,2,0,0,0,0
41580,2,0,3,0,0
41640,2,0,0,0,0
41700,2,0,0,0,0
41760,2,0,0,0,0
41820,0,2,0,0,0
41880,2,0,0,0,0
41940,0,0,2,0,0
42000,0,2,0,2,0
42060,2,0,0,0,0
42120,2,0,0,0,0
42180,2,0,0,0,0
42240,2,0,0,0,0
42300,2,0,0,0,0
